[array([0.2136954 , 0.2027745 , 0.20365998, 0.17621015, 0.19155844,
       0.20306966, 0.20808737, 0.20657973, 0.20005928, 0.18731476]), array([0.21458087, 0.19775679, 0.20100354, 0.17916175, 0.18713105,
       0.20365998, 0.20543093, 0.21191464, 0.19798459, 0.19146414]), array([0.21458087, 0.20070838, 0.19657615, 0.18152302, 0.18831169,
       0.19539551, 0.20365998, 0.20391227, 0.19739182, 0.18701838]), array([0.20985832, 0.19864227, 0.19421488, 0.17591499, 0.18447462,
       0.20159386, 0.20484061, 0.20391227, 0.19976289, 0.18820391]), array([0.20690673, 0.2042503 , 0.19628099, 0.17798111, 0.18447462,
       0.19451004, 0.209268  , 0.20065205, 0.19828097, 0.18909306])]
[array([8.46280992, 8.30165289, 8.35123967, 7.48760331, 7.81818182,
       8.41322314, 8.16942149, 8.43153527, 8.09543568, 8.28630705]), array([8.40082645, 8.26033058, 8.26033058, 7.38016529, 7.75206612,
       8.30991736, 8.08677686, 8.3153527 , 8.04149378, 8.10373444]), array([8.2768595 , 8.14876033, 8.11157025, 7.34710744, 7.60330579,
       8.26446281, 8.05785124, 8.2033195 , 8.05394191, 8.0373444 ]), array([8.13636364, 8.20661157, 7.95867769, 7.32644628, 7.5785124 ,
       8.17355372, 7.99586777, 8.19502075, 7.93360996, 8.00829876]), array([8.06198347, 8.10330579, 7.87190083, 7.37190083, 7.46280992,
       8.08264463, 7.88842975, 8.06224066, 7.87966805, 7.99585062])]
[array([0.24146121, 0.22088761, 0.21609499, 0.18945301, 0.20389977,
       0.23260089, 0.21990287, 0.23920531, 0.22297243, 0.22037297]), array([0.24006586, 0.21685409, 0.21106965, 0.18547972, 0.19496046,
       0.23121054, 0.20922575, 0.23053714, 0.21712303, 0.21161361]), array([0.23241832, 0.2123998 , 0.20099336, 0.18370951, 0.18734785,
       0.22316299, 0.20672414, 0.22318267, 0.21753806, 0.2035247 ]), array([0.22521532, 0.21092142, 0.19272688, 0.18094862, 0.18522737,
       0.21666796, 0.20249969, 0.22234518, 0.21143027, 0.20156288]), array([0.22143548, 0.20718137, 0.1870947 , 0.18160589, 0.17915482,
       0.21066977, 0.19967892, 0.21521723, 0.20805551, 0.20129877])]
[array([0.71068352, 0.74234884, 0.7433643 , 0.75366355, 0.74637541,
       0.73914815, 0.74443009, 0.71373943, 0.72187239, 0.73565071]), array([0.70908394, 0.74553145, 0.74585216, 0.75778132, 0.75190572,
       0.73392169, 0.75251079, 0.71883481, 0.72162718, 0.74119014]), array([0.71597574, 0.74443893, 0.75273743, 0.75885015, 0.76007433,
       0.74021813, 0.75524816, 0.7228981 , 0.71855447, 0.74780144]), array([0.71707998, 0.74280961, 0.75992689, 0.75973223, 0.76719214,
       0.74394432, 0.75549435, 0.725436  , 0.72185211, 0.74881133]), array([0.7201712 , 0.74487884, 0.76325207, 0.7606943 , 0.76667172,
       0.74944439, 0.75648362, 0.73360249, 0.7273449 , 0.74943997])]
