[array([0.21133412, 0.19716647, 0.19834711, 0.17798111, 0.18772137,
       0.19864227, 0.19893743, 0.20391227, 0.19739182, 0.1902786 ]), array([0.20808737, 0.19628099, 0.19303424, 0.1809327 , 0.18299882,
       0.19805195, 0.19923259, 0.20509781, 0.19442798, 0.18968583]), array([0.20808737, 0.19716647, 0.19628099, 0.18181818, 0.1809327 ,
       0.19805195, 0.19805195, 0.20302312, 0.19561352, 0.18553646]), array([0.20513577, 0.20011806, 0.19657615, 0.1809327 , 0.18299882,
       0.19391972, 0.20100354, 0.2015412 , 0.19828097, 0.18968583]), array([0.20484061, 0.20041322, 0.19421488, 0.18034238, 0.1809327 ,
       0.19687131, 0.20188902, 0.20183758, 0.19798459, 0.19057499])]
[array([7.5661157 , 7.45454545, 7.42561983, 6.76859504, 6.95867769,
       7.47107438, 7.24793388, 7.47302905, 7.1120332 , 7.37759336]), array([7.51652893, 7.50413223, 7.4338843 , 6.73140496, 6.86363636,
       7.59917355, 7.26446281, 7.48962656, 7.09958506, 7.34854772]), array([7.57024793, 7.45454545, 7.38016529, 6.74793388, 6.88016529,
       7.59090909, 7.25619835, 7.46058091, 7.20746888, 7.41078838]), array([7.46694215, 7.46280992, 7.33884298, 6.71900826, 6.82644628,
       7.53305785, 7.31404959, 7.41493776, 7.19087137, 7.3526971 ]), array([7.47933884, 7.45454545, 7.29338843, 6.7892562 , 6.90495868,
       7.47520661, 7.2231405 , 7.41078838, 7.23651452, 7.43568465])]
[array([0.18780451, 0.17215392, 0.16449305, 0.14700047, 0.15231246,
       0.17250859, 0.16598641, 0.18506668, 0.1702525 , 0.16688132]), array([0.18663219, 0.17174083, 0.16428776, 0.1471236 , 0.15107529,
       0.17611512, 0.16077717, 0.1827253 , 0.16987664, 0.16438731]), array([0.18643047, 0.17069676, 0.16097344, 0.14683567, 0.15026999,
       0.17681178, 0.16417029, 0.18286672, 0.17618241, 0.16286882]), array([0.18543114, 0.17165427, 0.15921195, 0.14667842, 0.14879898,
       0.17367174, 0.16698672, 0.18339915, 0.17389138, 0.16247535]), array([0.18371583, 0.17430584, 0.15868259, 0.15075604, 0.15068723,
       0.17302402, 0.16403591, 0.18333871, 0.17524153, 0.16704109])]
[array([0.73890923, 0.76755306, 0.77044143, 0.77354709, 0.78048218,
       0.76502689, 0.76998078, 0.74164295, 0.75263701, 0.77059083]), array([0.74149805, 0.77237862, 0.77065298, 0.77437045, 0.7813333 ,
       0.76379326, 0.77621411, 0.74395248, 0.74953878, 0.77005349]), array([0.73709099, 0.77053686, 0.77661937, 0.77709179, 0.78525151,
       0.76335747, 0.77481927, 0.74363594, 0.74331269, 0.77523038]), array([0.73811401, 0.76888041, 0.78008042, 0.77566173, 0.79176301,
       0.76276893, 0.76731467, 0.74243478, 0.74645677, 0.77690467]), array([0.74206489, 0.76386676, 0.78007406, 0.77055164, 0.79091861,
       0.76237351, 0.77336455, 0.74552109, 0.74588904, 0.77295061])]
