[array([0.21753247, 0.20897285, 0.20749705, 0.18890201, 0.19598583,
       0.21694215, 0.22048406, 0.2163604 , 0.20924718, 0.19798459]), array([0.21192444, 0.20867769, 0.20159386, 0.18565525, 0.19421488,
       0.21458087, 0.22284534, 0.20539419, 0.20598696, 0.2015412 ]), array([0.21133412, 0.19923259, 0.20159386, 0.18683589, 0.18683589,
       0.20779221, 0.20484061, 0.20924718, 0.20480142, 0.20094843]), array([0.20779221, 0.19569067, 0.19923259, 0.18949233, 0.18417946,
       0.20395514, 0.20247934, 0.21695317, 0.1959099 , 0.1976882 ]), array([0.20985832, 0.20218418, 0.19952774, 0.19273908, 0.19628099,
       0.20336482, 0.20070838, 0.21221103, 0.20450504, 0.20005928])]
[array([8.46280992, 8.30165289, 8.35123967, 7.48760331, 7.81818182,
       8.41322314, 8.16942149, 8.43153527, 8.09543568, 8.28630705]), array([8.06198347, 8.10330579, 7.87190083, 7.37190083, 7.46280992,
       8.08264463, 7.88842975, 8.06224066, 7.87966805, 7.99585062]), array([7.82644628, 7.62396694, 7.69834711, 7.07438017, 7.24793388,
       7.71487603, 7.66942149, 7.74688797, 7.51452282, 7.73858921]), array([7.7768595 , 7.47107438, 7.55785124, 7.02066116, 7.19421488,
       7.57024793, 7.50413223, 7.63070539, 7.28215768, 7.60995851]), array([7.7107438 , 7.33057851, 7.32231405, 6.97107438, 7.12396694,
       7.50413223, 7.41735537, 7.46058091, 7.21991701, 7.34854772])]
[array([0.24146121, 0.22088761, 0.21609499, 0.18945301, 0.20389977,
       0.23260089, 0.21990287, 0.23920531, 0.22297243, 0.22037297]), array([0.22143548, 0.20718137, 0.1870947 , 0.18160589, 0.17915482,
       0.21066977, 0.19967892, 0.21521723, 0.20805551, 0.20129877]), array([0.20148142, 0.18160264, 0.18352653, 0.16529152, 0.16988667,
       0.1883191 , 0.18481367, 0.19879032, 0.19238829, 0.18623131]), array([0.19494511, 0.17502258, 0.17173005, 0.16192626, 0.16933971,
       0.18062899, 0.17279311, 0.18806249, 0.17899407, 0.17848672]), array([0.19457026, 0.17381358, 0.16278539, 0.16012192, 0.17142535,
       0.17656366, 0.16796541, 0.18364909, 0.17853391, 0.16614978])]
[array([0.71068352, 0.74234884, 0.7433643 , 0.75366355, 0.74637541,
       0.73914815, 0.74443009, 0.71373943, 0.72187239, 0.73565071]), array([0.7201712 , 0.74487884, 0.76325207, 0.7606943 , 0.76667172,
       0.74944439, 0.75648362, 0.73360249, 0.7273449 , 0.74943997]), array([0.73439537, 0.76387889, 0.76039901, 0.76771153, 0.7803575 ,
       0.76480458, 0.76050971, 0.74235494, 0.73017158, 0.76392651]), array([0.74109643, 0.76207602, 0.77148534, 0.76699133, 0.77290274,
       0.76459761, 0.77578227, 0.74390579, 0.73873986, 0.7612017 ]), array([0.73649991, 0.7519167 , 0.77323925, 0.75516284, 0.76450179,
       0.76492591, 0.77037623, 0.7457955 , 0.73846948, 0.77157176])]
